1	2676	7515275128	452175013	7395224	48213384
2	2830	8446966071	474684735	7743793	41383054
3	2372	11883592143	502798231	11926191	39884318
4	2550	7599201228	423298953	8334642	32187126
5	2330	5784076828	287758346	5788897	26071489
6	2381	6620143391	361709142	6470898	32353730
7	2540	6751764001	310376535	6565218	53930811
8	2646	7519085499	368938315	8317493	27279162
9	2516	8454668290	485378875	8967009	61303235
10	2248	5614329809	289261758	6802309	25357552
11	2558	6982354206	300415733	7806795	29380382
12	2463	7007939484	390589002	7454155	39277643
13	2584	6317495841	316176922	7342258	23221576
14	2528	7323496153	362239688	7498909	26934082
15	2446	7038388088	389229615	8305805	30370306
16	2419	5106423878	290117728	6437078	24460312
17	2277	6023917262	318708630	6425755	26474295
18	2253	7061444207	414016447	8085861	35213770
19	2175	6586545040	313308395	6295905	31221598
20	2353	5935932653	367668859	6127893	57336815
21	2359	5809066132	317538075	6256772	44099649
22	2150	6190727275	343118973	7797857	28163340
23	2143	8076241175	450408472	8893285	37588650
24	2016	5421219146	295615713	5772193	21612799
25	2314	7174801466	363996791	7697542	27675972
26	2380	7309343757	419927363	8205397	42139882
27	2512	6133152729	358649043	6848157	28188501
28	2804	8216969468	468576962	12751671	44107324
29	2274	5924432651	310324497	6280975	23424138
30	2774	7826584444	418115561	7885040	38547839
31	1520	3487253165	185209874	3709212	12917861
