1	5943	16657769990	855465761	20373272	77175278
2	5667	13747239108	708064814	13599328	65634060
3	6014	15672282497	833556178	18742777	76423071
4	6111	18134100563	983618415	16859916	95687113
5	5892	22261952123	1048126051	22056330	88164707
6	8341	26181901108	1325823181	24329924	124975059
7	6072	20439942292	1112885792	20503157	75755401
8	6348	15067028891	840431879	17871878	75890773
9	6006	14576786013	854562902	19034515	96571156
10	6325	18429715046	1034117262	20607290	95827846
11	5432	15127028268	887234653	17999522	110751289
12	6240	16847084709	866445358	20212280	77464842
