1	2837	5903347462	279217240	4649042	24598772
2	1345	1633515325	75672456	1154218	6476177
10	14200	64331969832	4356820286	76336250	509873566
15	397	525454779	24177376	322360	1884333
17	8218	16460848008	362983356	11596024	37183679
19	272	188833561	8211024	197624	797424
20	12070	30255610376	1639330471	29707671	137595379
22	6253	15749014967	889135364	25873600	63787429
23	3901	6007675435	446201238	6235045	31730184
24	15057	51949674947	2536918833	51408852	177279831
25	2781	5392027926	68671392	8804355	19184676
26	2552	3897445475	184005057	5825040	16011447
27	1581	2618687066	147282177	2684058	12216290
28	2859	8154529998	327615205	7319834	21420489
29	68	74195451	4090771	76216	280919
