0	2908	9110506830	407941760	10877674	28282688
1	2440	5843007464	257685127	6475049	18299547
2	1896	4039522377	192788756	5078364	35366009
3	1907	5819166895	362943804	5586361	66456972
4	3999	25446388780	1408384437	33615918	131403960
5	2260	9311983987	462894185	10955393	40986152
6	794	1833649199	88211106	3038512	6952432
7	620	4053960756	126569020	4835225	5515585
8	707	4909832995	225426545	3997425	37864622
9	987	8473614267	498216163	7257279	98582887
10	729	1840510721	117917337	2340810	6476676
11	1062	3242256891	170950556	3755067	10432886
12	1592	4042122427	218517577	3670131	22536409
13	3058	8283036409	350715275	7896341	26859618
14	4039	8714667834	424404606	9004160	32743945
15	5479	12290024736	830579539	12508371	85127402
16	7401	14965244012	891962488	15615961	67225815
17	6890	14939343858	794943541	18802109	65396775
18	4782	11764644700	636674677	12758340	49616109
19	4900	12851289495	689532482	12615391	55847143
20	4614	13903204305	778855522	12497772	56221973
21	4079	10834863101	593828079	9886264	46943466
22	4042	9353521313	459454107	11106154	37271265
23	3206	7276467256	360935557	8016118	27910259
